7436 2.8 8.4 3.5
6678 5.2 6.6 7.8
9603 0.6 0.8 3.7
5040 5.6 4.1 5.5
8966 3.4 5.4 0.8
1681 4.7 2.8 0.9
2873 4.5 1.8 6.4
8767 3.4 6.0 8.3
8209 3.3 7.3 4.4
4350 1.0 3.8 4.6
7751 9.9 7.2 3.0
2776 3.1 3.5 5.1
4397 3.4 5.3 0.4
9166 2.5 8.5 8.8
7643 6.4 5.9 5.4
5665 1.9 6.3 6.7
9907 6.5 9.9 3.9
4361 7.7 7.5 6.2
3234 3.6 2.0 1.7
5064 6.2 10.0 9.2
8290 7.5 7.4 9.9
6294 8.1 2.4 4.8
1881 0.5 4.6 1.8
1551 3.1 9.8 7.4
1901 0.5 3.0 7.7
9562 7.7 0.3 9.0
1558 6.6 8.3 8.2
8692 5.3 3.4 2.3
2217 0.8 2.6 5.7
4154 4.6 4.3 2.0
9039 1.5 3.4 8.0
4146 8.9 3.0 6.3
6306 3.0 4.4 8.1
3700 7.8 2.5 1.1
8781 4.2 7.4 3.0
6755 4.1 9.7 1.5
2561 9.8 4.4 5.9
1151 8.5 8.6 6.0
5718 8.4 8.4 8.1
2648 6.7 8.3 1.7
3411 6.1 0.5 4.2
6104 1.4 4.8 3.2
9714 0.7 6.9 9.5
6863 0.5 5.5 1.7
5044 8.5 8.6 9.1
1912 5.2 8.8 1.0
1743 9.7 2.0 4.3
9056 8.4 4.4 6.8
4630 3.6 1.8 9.3
7430 7.2 3.0 6.3
